999
0.041667
1 0.000000 -160.623856 0.000000 1.570796 -0.000000 0.000000 XYZ
2 1.010234 -160.620682 0.000000 1.570796 0.000000 0.006289 XYZ
3 2.020427 -160.611145 0.000000 1.570796 0.000000 0.012579 XYZ
4 3.030541 -160.595261 0.000000 1.570796 -0.000000 0.018868 XYZ
5 4.040534 -160.573029 0.000000 1.570796 0.000000 0.025158 XYZ
6 5.050368 -160.544434 0.000000 1.570796 -0.000000 0.031447 XYZ
7 6.060002 -160.509491 0.000000 1.570796 -0.000000 0.037737 XYZ
8 7.069396 -160.468216 0.000000 1.570796 0.000000 0.044026 XYZ
9 8.078512 -160.420578 0.000000 1.570796 -0.000000 0.050316 XYZ
10 9.087307 -160.366592 0.000000 1.570796 -0.000000 0.056605 XYZ
11 10.095743 -160.306274 0.000000 1.570796 -0.000000 0.062895 XYZ
12 11.103779 -160.239594 0.000000 1.570796 -0.000000 0.069184 XYZ
13 12.111377 -160.166595 0.000000 1.570796 -0.000000 0.075474 XYZ
14 13.118494 -160.087250 0.000000 1.570796 0.000000 0.081763 XYZ
15 14.125093 -160.001572 0.000000 1.570796 0.000000 0.088053 XYZ
16 15.131135 -159.909576 0.000000 1.570796 -0.000000 0.094342 XYZ
17 16.136576 -159.811249 0.000000 1.570796 0.000000 0.100632 XYZ
18 17.141376 -159.706604 0.000000 1.570796 -0.000000 0.106921 XYZ
19 18.145506 -159.595627 0.000000 1.570796 0.000000 0.113211 XYZ
20 19.148912 -159.478348 0.000000 1.570796 -0.000000 0.119500 XYZ
21 20.151562 -159.354752 0.000000 1.570796 -0.000000 0.125790 XYZ
22 21.153416 -159.224854 0.000000 1.570796 -0.000000 0.132079 XYZ
23 22.154432 -159.088669 0.000000 1.570796 -0.000000 0.138369 XYZ
24 23.154572 -158.946182 0.000000 1.570796 0.000000 0.144658 XYZ
25 24.153795 -158.797409 0.000000 1.570796 0.000000 0.150947 XYZ
26 25.152063 -158.642365 0.000000 1.570796 0.000000 0.157237 XYZ
27 26.149336 -158.481033 0.000000 1.570796 0.000000 0.163526 XYZ
28 27.145575 -158.313431 0.000000 1.570796 0.000000 0.169816 XYZ
29 28.140741 -158.139572 0.000000 1.570796 0.000000 0.176105 XYZ
30 29.134792 -157.959457 0.000000 1.570796 0.000000 0.182395 XYZ
31 30.127695 -157.773087 0.000000 1.570796 -0.000000 0.188684 XYZ
32 31.119402 -157.580475 0.000000 1.570796 -0.000000 0.194974 XYZ
33 32.109879 -157.381638 0.000000 1.570796 0.000000 0.201263 XYZ
34 33.099083 -157.176575 0.000001 1.570796 0.000000 0.207553 XYZ
35 34.086979 -156.965286 0.000001 1.570796 -0.000000 0.213842 XYZ
36 35.073536 -156.747787 0.000001 1.570796 -0.000000 0.220132 XYZ
37 36.058693 -156.524094 0.000001 1.570796 0.000000 0.226421 XYZ
38 37.042427 -156.294220 0.000001 1.570796 0.000000 0.232711 XYZ
39 38.024696 -156.058151 0.000001 1.570796 0.000000 0.239000 XYZ
40 39.005463 -155.815903 0.000001 1.570796 0.000000 0.245290 XYZ
41 39.984684 -155.567505 0.000001 1.570796 -0.000000 0.251579 XYZ
42 40.962330 -155.312943 0.000001 1.570796 -0.000000 0.257869 XYZ
43 41.938347 -155.052246 0.000001 1.570796 0.000000 0.264158 XYZ
44 42.912708 -154.785400 0.000001 1.570796 0.000000 0.270448 XYZ
45 43.885376 -154.512451 0.000001 1.570796 0.000000 0.276737 XYZ
46 44.856297 -154.233383 0.000001 1.570796 0.000000 0.283026 XYZ
47 45.825451 -153.948212 0.000001 1.570796 0.000000 0.289316 XYZ
48 46.792801 -153.656952 0.000001 1.570796 0.000000 0.295606 XYZ
49 47.758286 -153.359604 0.000001 1.570796 0.000000 0.301895 XYZ
50 48.721886 -153.056198 0.000001 1.570796 0.000000 0.308184 XYZ
51 49.683563 -152.746750 0.000001 1.570796 0.000000 0.314474 XYZ
52 50.643272 -152.431229 0.000001 1.570796 0.000000 0.320763 XYZ
53 51.600971 -152.109711 0.000001 1.570796 0.000000 0.327053 XYZ
54 52.556637 -151.782166 0.000001 1.570796 0.000000 0.333342 XYZ
55 53.510223 -151.448608 0.000001 1.570796 0.000000 0.339632 XYZ
56 54.461689 -151.109055 0.000001 1.570796 0.000000 0.345921 XYZ
57 55.411003 -150.763535 0.000001 1.570796 0.000000 0.352211 XYZ
58 56.358128 -150.412048 0.000002 1.570796 0.000000 0.358500 XYZ
59 57.303017 -150.054611 0.000002 1.570796 0.000000 0.364790 XYZ
60 58.245644 -149.691238 0.000002 1.570796 -0.000000 0.371079 XYZ
61 59.185970 -149.321945 0.000002 1.570796 0.000000 0.377369 XYZ
62 60.123947 -148.946747 0.000002 1.570796 0.000000 0.383658 XYZ
63 61.059547 -148.565659 0.000002 1.570796 -0.000000 0.389948 XYZ
64 61.992733 -148.178680 0.000002 1.570796 -0.000000 0.396237 XYZ
65 62.923470 -147.785858 0.000002 1.570796 -0.000000 0.402527 XYZ
66 63.851711 -147.387177 0.000002 1.570796 0.000000 0.408816 XYZ
67 64.777428 -146.982681 0.000002 1.570796 0.000000 0.415106 XYZ
68 65.700584 -146.572357 0.000002 1.570796 0.000000 0.421395 XYZ
69 66.621147 -146.156250 0.000002 1.570796 -0.000000 0.427684 XYZ
70 67.539070 -145.734344 0.000002 1.570796 0.000000 0.433974 XYZ
71 68.454323 -145.306671 0.000002 1.570796 0.000000 0.440263 XYZ
72 69.366867 -144.873260 0.000002 1.570796 0.000000 0.446553 XYZ
73 70.276665 -144.434113 0.000002 1.570796 0.000000 0.452842 XYZ
74 71.183685 -143.989258 0.000003 1.570796 0.000000 0.459132 XYZ
75 72.087883 -143.538696 0.000003 1.570796 0.000000 0.465421 XYZ
76 72.989235 -143.082474 0.000003 1.570796 0.000000 0.471711 XYZ
77 73.887703 -142.620575 0.000003 1.570796 0.000000 0.478000 XYZ
78 74.783241 -142.153046 0.000003 1.570796 0.000000 0.484290 XYZ
79 75.675827 -141.679901 0.000003 1.570796 0.000000 0.490579 XYZ
80 76.565414 -141.201126 0.000003 1.570796 0.000000 0.496869 XYZ
81 77.451973 -140.716782 0.000003 1.570796 0.000000 0.503158 XYZ
82 78.335480 -140.226868 0.000003 1.570796 0.000000 0.509448 XYZ
83 79.215874 -139.731415 0.000003 1.570796 0.000000 0.515737 XYZ
84 80.093140 -139.230423 0.000003 1.570796 0.000000 0.522027 XYZ
85 80.967232 -138.723938 0.000003 1.570796 0.000000 0.528316 XYZ
86 81.838135 -138.211945 0.000003 1.570796 0.000000 0.534606 XYZ
87 82.705795 -137.694504 0.000004 1.570796 0.000000 0.540895 XYZ
88 83.570175 -137.171600 0.000004 1.570796 0.000000 0.547185 XYZ
89 84.431252 -136.643280 0.000004 1.570796 0.000000 0.553474 XYZ
90 85.288979 -136.109558 0.000004 1.570796 0.000000 0.559764 XYZ
91 86.143349 -135.570450 0.000004 1.570796 0.000000 0.566053 XYZ
92 86.994308 -135.025970 0.000004 1.570796 0.000000 0.572342 XYZ
93 87.841835 -134.476151 0.000004 1.570796 0.000000 0.578632 XYZ
94 88.685867 -133.921021 0.000004 1.570796 0.000000 0.584921 XYZ
95 89.526413 -133.360580 0.000004 1.570796 0.000000 0.591211 XYZ
96 90.363396 -132.794876 0.000004 1.570796 0.000000 0.597500 XYZ
97 91.196815 -132.223923 0.000004 1.570796 0.000000 0.603790 XYZ
98 92.026627 -131.647720 0.000004 1.570796 0.000000 0.610079 XYZ
99 92.852798 -131.066330 0.000005 1.570796 0.000000 0.616369 XYZ
100 93.675293 -130.479736 0.000005 1.570796 0.000000 0.622658 XYZ
101 94.494087 -129.888000 0.000005 1.570796 0.000000 0.628948 XYZ
102 95.309143 -129.291107 0.000005 1.570796 0.000000 0.635237 XYZ
103 96.120430 -128.689102 0.000005 1.570796 0.000000 0.641527 XYZ
104 96.927902 -128.082031 0.000005 1.570796 0.000000 0.647816 XYZ
105 97.731544 -127.469872 0.000005 1.570796 0.000000 0.654106 XYZ
106 98.531326 -126.852676 0.000005 1.570796 0.000000 0.660395 XYZ
107 99.327217 -126.230461 0.000005 1.570796 0.000000 0.666685 XYZ
108 100.119171 -125.603241 0.000005 1.570796 0.000000 0.672974 XYZ
109 100.907158 -124.971077 0.000006 1.570796 0.000000 0.679264 XYZ
110 101.691162 -124.333946 0.000006 1.570796 0.000000 0.685553 XYZ
111 102.471138 -123.691910 0.000006 1.570796 0.000000 0.691843 XYZ
112 103.247070 -123.044975 0.000006 1.570796 0.000000 0.698132 XYZ
113 104.018906 -122.393181 0.000006 1.570796 0.000000 0.704422 XYZ
114 104.786629 -121.736534 0.000006 1.570796 0.000000 0.710711 XYZ
115 105.550217 -121.075081 0.000006 1.570796 0.000000 0.717000 XYZ
116 106.309624 -120.408829 0.000006 1.570796 0.000000 0.723290 XYZ
117 107.064812 -119.737831 0.000006 1.570796 0.000000 0.729579 XYZ
118 107.815781 -119.062088 0.000007 1.570796 0.000000 0.735869 XYZ
119 108.562485 -118.381630 0.000007 1.570796 0.000000 0.742158 XYZ
120 109.304901 -117.696480 0.000007 1.570796 0.000000 0.748448 XYZ
121 110.042984 -117.006683 0.000007 1.570796 0.000000 0.754737 XYZ
122 110.776711 -116.312263 0.000007 1.570796 0.000000 0.761027 XYZ
123 111.506050 -115.613251 0.000007 1.570796 0.000000 0.767316 XYZ
124 112.230995 -114.909653 0.000007 1.570796 0.000000 0.773606 XYZ
125 112.951485 -114.201508 0.000007 1.570796 0.000000 0.779895 XYZ
126 113.667519 -113.488846 0.000007 1.570796 0.000000 0.786185 XYZ
127 114.379059 -112.771698 0.000008 1.570796 0.000000 0.792474 XYZ
128 115.086060 -112.050079 0.000008 1.570796 0.000000 0.798764 XYZ
129 115.788521 -111.324043 0.000008 1.570796 0.000000 0.805053 XYZ
130 116.486382 -110.593597 0.000008 1.570796 0.000000 0.811343 XYZ
131 117.179649 -109.858780 0.000008 1.570796 0.000000 0.817632 XYZ
132 117.868286 -109.119606 0.000008 1.570796 0.000000 0.823922 XYZ
133 118.552254 -108.376129 0.000008 1.570796 0.000000 0.830211 XYZ
134 119.231537 -107.628357 0.000008 1.570796 0.000000 0.836501 XYZ
135 119.906105 -106.876335 0.000009 1.570796 0.000000 0.842790 XYZ
136 120.575920 -106.120079 0.000009 1.570796 -0.000000 0.849080 XYZ
137 121.240967 -105.359627 0.000009 1.570796 0.000000 0.855369 XYZ
138 121.901222 -104.595009 0.000009 1.570796 0.000000 0.861658 XYZ
139 122.556664 -103.826233 0.000009 1.570796 0.000000 0.867948 XYZ
140 123.207253 -103.053368 0.000009 1.570796 0.000000 0.874238 XYZ
141 123.852966 -102.276421 0.000009 1.570796 -0.000000 0.880527 XYZ
142 124.493767 -101.495438 0.000010 1.570796 -0.000000 0.886816 XYZ
143 125.129654 -100.710434 0.000010 1.570796 0.000000 0.893106 XYZ
144 125.760590 -99.921448 0.000010 1.570796 0.000000 0.899395 XYZ
145 126.386559 -99.128510 0.000010 1.570796 0.000000 0.905685 XYZ
146 127.007515 -98.331657 0.000010 1.570796 0.000000 0.911974 XYZ
147 127.623451 -97.530907 0.000010 1.570796 0.000000 0.918264 XYZ
148 128.234344 -96.726295 0.000010 1.570796 0.000000 0.924553 XYZ
149 128.840164 -95.917870 0.000010 1.570796 0.000000 0.930843 XYZ
150 129.440872 -95.105637 0.000011 1.570796 0.000000 0.937132 XYZ
151 130.036484 -94.289642 0.000011 1.570796 0.000000 0.943422 XYZ
152 130.626938 -93.469925 0.000011 1.570796 0.000000 0.949711 XYZ
153 131.212219 -92.646507 0.000011 1.570796 0.000000 0.956001 XYZ
154 131.792328 -91.819427 0.000011 1.570796 0.000000 0.962290 XYZ
155 132.367218 -90.988708 0.000011 1.570796 0.000000 0.968580 XYZ
156 132.936859 -90.154396 0.000011 1.570796 0.000000 0.974869 XYZ
157 133.501236 -89.316513 0.000012 1.570796 0.000000 0.981159 XYZ
158 134.060364 -88.475098 0.000012 1.570796 0.000000 0.987448 XYZ
159 134.614166 -87.630188 0.000012 1.570796 0.000000 0.993737 XYZ
160 135.162659 -86.781799 0.000012 1.570796 0.000000 1.000027 XYZ
161 135.705780 -85.929985 0.000012 1.570796 -0.000000 1.006316 XYZ
162 136.243546 -85.074776 0.000012 1.570796 0.000000 1.012606 XYZ
163 136.775925 -84.216194 0.000013 1.570796 0.000000 1.018895 XYZ
164 137.302902 -83.354286 0.000013 1.570796 0.000000 1.025185 XYZ
165 137.824432 -82.489075 0.000013 1.570796 0.000000 1.031474 XYZ
166 138.340515 -81.620605 0.000013 1.570796 0.000000 1.037764 XYZ
167 138.851135 -80.748909 0.000013 1.570796 0.000000 1.044053 XYZ
168 139.356262 -79.874008 0.000013 1.570796 0.000000 1.050343 XYZ
169 139.855865 -78.995964 0.000013 1.570796 0.000000 1.056632 XYZ
170 140.349930 -78.114784 0.000014 1.570796 0.000000 1.062922 XYZ
171 140.838455 -77.230515 0.000014 1.570796 0.000000 1.069211 XYZ
172 141.321411 -76.343193 0.000014 1.570796 0.000000 1.075501 XYZ
173 141.798767 -75.452850 0.000014 1.570796 0.000000 1.081790 XYZ
174 142.270523 -74.559525 0.000014 1.570796 0.000000 1.088080 XYZ
175 142.736649 -73.663246 0.000014 1.570796 0.000000 1.094369 XYZ
176 143.197128 -72.764061 0.000015 1.570796 0.000000 1.100659 XYZ
177 143.651932 -71.861992 0.000015 1.570796 0.000000 1.106948 XYZ
178 144.101059 -70.957077 0.000015 1.570796 0.000000 1.113238 XYZ
179 144.544479 -70.049377 0.000015 1.570796 0.000000 1.119527 XYZ
180 144.982208 -69.138885 0.000015 1.570796 0.000000 1.125817 XYZ
181 145.414185 -68.225662 0.000015 1.570796 0.000000 1.132106 XYZ
182 145.840393 -67.309738 0.000016 1.570796 0.000000 1.138396 XYZ
183 146.260864 -66.391151 0.000016 1.570796 0.000000 1.144685 XYZ
184 146.675522 -65.469940 0.000016 1.570796 0.000000 1.150974 XYZ
185 147.084396 -64.546135 0.000016 1.570796 0.000000 1.157264 XYZ
186 147.487442 -63.619781 0.000016 1.570796 0.000000 1.163553 XYZ
187 147.884659 -62.690914 0.000017 1.570796 0.000000 1.169843 XYZ
188 148.276031 -61.759560 0.000017 1.570796 0.000000 1.176132 XYZ
189 148.661530 -60.825745 0.000017 1.570796 0.000000 1.182422 XYZ
190 149.041153 -59.889542 0.000017 1.570796 0.000000 1.188711 XYZ
191 149.414871 -58.950993 0.000017 1.570796 0.000000 1.195001 XYZ
192 149.782684 -58.010090 0.000017 1.570796 0.000000 1.201290 XYZ
193 150.144562 -57.066895 0.000018 1.570796 0.000000 1.207580 XYZ
194 150.500519 -56.121441 0.000018 1.570796 0.000000 1.213869 XYZ
195 150.850510 -55.173767 0.000018 1.570796 0.000000 1.220159 XYZ
196 151.194534 -54.223907 0.000018 1.570796 0.000000 1.226448 XYZ
197 151.532593 -53.271912 0.000018 1.570796 0.000000 1.232738 XYZ
198 151.864655 -52.317802 0.000019 1.570796 0.000000 1.239027 XYZ
199 152.190689 -51.361618 0.000019 1.570796 0.000000 1.245317 XYZ
200 152.510712 -50.403408 0.000019 1.570796 0.000000 1.251606 XYZ
201 152.824707 -49.443207 0.000019 1.570796 0.000000 1.257896 XYZ
202 153.132660 -48.481045 0.000019 1.570796 0.000000 1.264185 XYZ
203 153.434540 -47.516968 0.000019 1.570796 0.000000 1.270475 XYZ
204 153.730362 -46.551014 0.000020 1.570796 0.000000 1.276764 XYZ
205 154.020111 -45.583233 0.000020 1.570796 0.000000 1.283053 XYZ
206 154.303741 -44.613647 0.000020 1.570796 0.000000 1.289343 XYZ
207 154.581284 -43.642281 0.000020 1.570796 0.000000 1.295632 XYZ
208 154.852707 -42.669186 0.000020 1.570796 0.000000 1.301922 XYZ
209 155.118011 -41.694408 0.000021 1.570796 0.000000 1.308211 XYZ
210 155.377182 -40.717976 0.000021 1.570796 0.000000 1.314501 XYZ
211 155.630203 -39.739937 0.000021 1.570796 0.000000 1.320790 XYZ
212 155.877060 -38.760323 0.000021 1.570796 0.000000 1.327080 XYZ
213 156.117767 -37.779175 0.000021 1.570796 0.000000 1.333369 XYZ
214 156.352295 -36.796516 0.000022 1.570796 0.000000 1.339659 XYZ
215 156.580627 -35.812420 0.000022 1.570796 0.000000 1.345948 XYZ
216 156.802780 -34.826908 0.000022 1.570796 0.000000 1.352238 XYZ
217 157.018707 -33.840038 0.000022 1.570796 0.000000 1.358527 XYZ
218 157.228439 -32.851807 0.000022 1.570796 0.000000 1.364817 XYZ
219 157.431946 -31.862278 0.000023 1.570796 0.000000 1.371106 XYZ
220 157.629227 -30.871489 0.000023 1.570796 0.000000 1.377396 XYZ
221 157.820282 -29.879480 0.000023 1.570796 0.000000 1.383685 XYZ
222 158.005081 -28.886288 0.000023 1.570796 0.000000 1.389974 XYZ
223 158.183640 -27.891951 0.000024 1.570796 0.000000 1.396264 XYZ
224 158.355927 -26.896515 0.000024 1.570796 0.000000 1.402553 XYZ
225 158.521957 -25.900011 0.000024 1.570796 0.000000 1.408843 XYZ
226 158.681732 -24.902485 0.000024 1.570796 0.000000 1.415133 XYZ
227 158.835205 -23.903973 0.000024 1.570796 0.000000 1.421422 XYZ
228 158.982407 -22.904516 0.000025 1.570796 0.000000 1.427711 XYZ
229 159.123322 -21.904152 0.000025 1.570796 0.000000 1.434001 XYZ
230 159.257935 -20.902922 0.000025 1.570796 0.000000 1.440291 XYZ
231 159.386246 -19.900866 0.000025 1.570796 0.000000 1.446580 XYZ
232 159.508270 -18.898041 0.000025 1.570796 0.000000 1.452869 XYZ
233 159.623978 -17.894449 0.000026 1.570796 0.000000 1.459159 XYZ
234 159.733353 -16.890150 0.000026 1.570796 0.000000 1.465448 XYZ
235 159.836426 -15.885182 0.000026 1.570796 0.000000 1.471738 XYZ
236 159.933167 -14.879585 0.000026 1.570796 0.000000 1.478027 XYZ
237 160.023605 -13.873402 0.000027 1.570796 0.000000 1.484317 XYZ
238 160.107681 -12.866669 0.000027 1.570796 0.000000 1.490606 XYZ
239 160.185440 -11.859406 0.000027 1.570796 0.000000 1.496896 XYZ
240 160.256866 -10.851695 0.000027 1.570796 0.000000 1.503185 XYZ
241 160.321945 -9.843554 0.000027 1.570796 0.000000 1.509475 XYZ
242 160.380692 -8.835025 0.000028 1.570796 0.000000 1.515764 XYZ
243 160.433090 -7.826145 0.000028 1.570796 0.000000 1.522054 XYZ
244 160.479141 -6.816975 0.000028 1.570796 0.000000 1.528343 XYZ
245 160.518829 -5.807516 0.000028 1.570796 0.000000 1.534632 XYZ
246 160.552185 -4.797828 0.000029 1.570796 0.000000 1.540922 XYZ
247 160.579178 -3.787949 0.000029 1.570796 0.000000 1.547211 XYZ
248 160.599838 -2.777921 0.000029 1.570796 0.000000 1.553501 XYZ
249 160.614136 -1.767783 0.000029 1.570796 0.000000 1.559790 XYZ
250 160.622070 -0.757575 0.000029 1.570796 0.000000 1.566080 XYZ
251 160.623657 0.252663 0.000030 1.570796 0.000000 1.572369 XYZ
252 160.618881 1.262891 0.000030 1.570796 0.000000 1.578659 XYZ
253 160.607773 2.273069 0.000030 1.570796 0.000000 1.584948 XYZ
254 160.590302 3.283157 0.000030 1.570796 0.000000 1.591238 XYZ
255 160.566467 4.293115 0.000031 1.570796 0.000000 1.597527 XYZ
256 160.536285 5.302904 0.000031 1.570796 0.000000 1.603817 XYZ
257 160.499771 6.312482 0.000031 1.570796 0.000000 1.610106 XYZ
258 160.456894 7.321811 0.000031 1.570796 0.000000 1.616396 XYZ
259 160.407669 8.330832 0.000032 1.570796 0.000000 1.622685 XYZ
260 160.352097 9.339540 0.000032 1.570796 0.000000 1.628975 XYZ
261 160.290192 10.347881 0.000032 1.570796 0.000000 1.635264 XYZ
262 160.221939 11.355812 0.000032 1.570796 0.000000 1.641554 XYZ
263 160.147339 12.363295 0.000033 1.570796 0.000000 1.647843 XYZ
264 160.066422 13.370287 0.000033 1.570796 0.000000 1.654132 XYZ
265 159.979156 14.376751 0.000033 1.570796 0.000000 1.660422 XYZ
266 159.885574 15.382646 0.000033 1.570796 0.000000 1.666712 XYZ
267 159.785675 16.387932 0.000034 1.570796 0.000000 1.673001 XYZ
268 159.679428 17.392570 0.000034 1.570796 0.000000 1.679290 XYZ
269 159.566879 18.396521 0.000034 1.570796 0.000000 1.685580 XYZ
270 159.448029 19.399744 0.000034 1.570796 0.000000 1.691869 XYZ
271 159.322861 20.402199 0.000035 1.570796 0.000000 1.698159 XYZ
272 159.191391 21.403847 0.000035 1.570796 0.000000 1.704449 XYZ
273 159.053619 22.404629 0.000035 1.570796 0.000000 1.710738 XYZ
274 158.909561 23.404543 0.000035 1.570796 0.000000 1.717027 XYZ
275 158.759216 24.403532 0.000036 1.570796 0.000000 1.723317 XYZ
276 158.602585 25.401596 0.000036 1.570796 0.000000 1.729606 XYZ
277 158.439682 26.398615 0.000036 1.570796 0.000000 1.735896 XYZ
278 158.270523 27.394590 0.000036 1.570796 0.000000 1.742185 XYZ
279 158.095108 28.389482 0.000037 1.570796 0.000000 1.748475 XYZ
280 157.913422 29.383249 0.000037 1.570796 0.000000 1.754764 XYZ
281 157.725494 30.375854 0.000037 1.570796 0.000000 1.761054 XYZ
282 157.531326 31.367241 0.000037 1.570796 0.000000 1.767343 XYZ
283 157.330933 32.357403 0.000038 1.570796 0.000000 1.773633 XYZ
284 157.124313 33.346287 0.000038 1.570796 0.000000 1.779922 XYZ
285 156.911469 34.333851 0.000038 1.570796 0.000000 1.786211 XYZ
286 156.692429 35.320057 0.000038 1.570796 0.000000 1.792501 XYZ
287 156.467178 36.304867 0.000039 1.570796 0.000000 1.798791 XYZ
288 156.235748 37.288239 0.000039 1.570796 0.000000 1.805080 XYZ
289 155.998138 38.270138 0.000039 1.570796 0.000000 1.811370 XYZ
290 155.754349 39.250523 0.000039 1.570796 0.000000 1.817659 XYZ
291 155.504410 40.229351 0.000040 1.570796 0.000000 1.823949 XYZ
292 155.248322 41.206593 0.000040 1.570796 0.000000 1.830238 XYZ
293 154.986069 42.182205 0.000040 1.570796 0.000000 1.836528 XYZ
294 154.717712 43.156147 0.000041 1.570796 0.000000 1.842817 XYZ
295 154.443222 44.128380 0.000041 1.570796 0.000000 1.849106 XYZ
296 154.162628 45.098869 0.000041 1.570796 0.000000 1.855396 XYZ
297 153.875931 46.067554 0.000041 1.570796 0.000000 1.861685 XYZ
298 153.583145 47.034439 0.000042 1.570796 0.000000 1.867975 XYZ
299 153.284286 47.999458 0.000042 1.570796 0.000000 1.874264 XYZ
300 152.979370 48.962585 0.000042 1.570796 0.000000 1.880554 XYZ
301 152.668396 49.923767 0.000042 1.570796 0.000000 1.886843 XYZ
302 152.351395 50.882980 0.000043 1.570796 0.000000 1.893133 XYZ
303 152.028351 51.840176 0.000043 1.570796 0.000000 1.899422 XYZ
304 151.699295 52.795326 0.000043 1.570796 0.000000 1.905712 XYZ
305 151.364243 53.748386 0.000044 1.570796 0.000000 1.912001 XYZ
306 151.023193 54.699322 0.000044 1.570796 0.000000 1.918290 XYZ
307 150.676193 55.648087 0.000044 1.570796 0.000000 1.924580 XYZ
308 150.323212 56.594658 0.000044 1.570796 0.000000 1.930869 XYZ
309 149.964294 57.538986 0.000045 1.570796 0.000000 1.937159 XYZ
310 149.599442 58.481041 0.000045 1.570796 0.000000 1.943449 XYZ
311 149.228653 59.420780 0.000045 1.570796 0.000000 1.949738 XYZ
312 148.851990 60.358154 0.000045 1.570796 0.000000 1.956027 XYZ
313 148.469421 61.293152 0.000046 1.570796 0.000000 1.962317 XYZ
314 148.080994 62.225731 0.000046 1.570796 0.000000 1.968606 XYZ
315 147.686707 63.155846 0.000046 1.570796 0.000000 1.974896 XYZ
316 147.286575 64.083466 0.000047 1.570796 0.000000 1.981185 XYZ
317 146.880600 65.008553 0.000047 1.570796 0.000000 1.987475 XYZ
318 146.468826 65.931061 0.000047 1.570796 0.000000 1.993764 XYZ
319 146.051270 66.850945 0.000047 1.570796 0.000000 2.000054 XYZ
320 145.627930 67.768204 0.000048 1.570796 0.000000 2.006343 XYZ
321 145.198822 68.682777 0.000048 1.570796 0.000000 2.012633 XYZ
322 144.763977 69.594643 0.000048 1.570796 0.000000 2.018922 XYZ
323 144.323395 70.503754 0.000049 1.570796 0.000000 2.025212 XYZ
324 143.877121 71.410072 0.000049 1.570796 0.000000 2.031501 XYZ
325 143.425140 72.313560 0.000049 1.570796 0.000000 2.037791 XYZ
326 142.967468 73.214226 0.000049 1.570796 0.000000 2.044080 XYZ
327 142.504196 74.111931 0.000050 1.570796 0.000000 2.050370 XYZ
328 142.035248 75.006744 0.000050 1.570796 0.000000 2.056659 XYZ
329 141.560684 75.898575 0.000050 1.570796 0.000000 2.062948 XYZ
330 141.080536 76.787415 0.000051 1.570796 0.000000 2.069238 XYZ
331 140.594788 77.673218 0.000051 1.570796 0.000000 2.075528 XYZ
332 140.103485 78.555939 0.000051 1.570796 0.000000 2.081817 XYZ
333 139.606644 79.435562 0.000052 1.570796 0.000000 2.088106 XYZ
334 139.104279 80.312035 0.000052 1.570796 0.000000 2.094396 XYZ
335 138.596405 81.185341 0.000052 1.570796 0.000000 2.100686 XYZ
336 138.083054 82.055428 0.000052 1.570796 0.000000 2.106975 XYZ
337 137.564240 82.922272 0.000053 1.570796 0.000000 2.113264 XYZ
338 137.039993 83.785828 0.000053 1.570796 0.000000 2.119554 XYZ
339 136.510315 84.646072 0.000053 1.570796 0.000000 2.125843 XYZ
340 135.975235 85.502975 0.000054 1.570796 0.000000 2.132133 XYZ
341 135.434769 86.356491 0.000054 1.570796 0.000000 2.138422 XYZ
342 134.888962 87.206589 0.000054 1.570796 0.000000 2.144712 XYZ
343 134.337814 88.053246 0.000055 1.570796 0.000000 2.151001 XYZ
344 133.781357 88.896408 0.000055 1.570796 0.000000 2.157291 XYZ
345 133.219604 89.736061 0.000055 1.570796 0.000000 2.163580 XYZ
346 132.652573 90.572166 0.000055 1.570796 0.000000 2.169870 XYZ
347 132.080307 91.404686 0.000056 1.570796 0.000000 2.176159 XYZ
348 131.502808 92.233582 0.000056 1.570796 0.000000 2.182449 XYZ
349 130.920105 93.058846 0.000056 1.570796 0.000000 2.188738 XYZ
350 130.332230 93.880417 0.000057 1.570796 0.000000 2.195028 XYZ
351 129.739197 94.698280 0.000057 1.570796 0.000000 2.201317 XYZ
352 129.141022 95.512383 0.000057 1.570796 0.000000 2.207607 XYZ
353 128.537750 96.322723 0.000058 1.570796 0.000000 2.213896 XYZ
354 127.929398 97.129250 0.000058 1.570796 0.000000 2.220186 XYZ
355 127.315979 97.931938 0.000058 1.570796 0.000000 2.226475 XYZ
356 126.697525 98.730751 0.000058 1.570796 0.000000 2.232764 XYZ
357 126.074089 99.525612 0.000059 1.570796 0.000000 2.239054 XYZ
358 125.445625 100.316582 0.000059 1.570796 0.000000 2.245343 XYZ
359 124.812218 101.103577 0.000059 1.570796 0.000000 2.251633 XYZ
360 124.173866 101.886581 0.000060 1.570796 0.000000 2.257922 XYZ
361 123.530594 102.665558 0.000060 1.570796 0.000000 2.264212 XYZ
362 122.882439 103.440460 0.000060 1.570796 0.000000 2.270501 XYZ
363 122.229431 104.211273 0.000061 1.570796 0.000000 2.276791 XYZ
364 121.571587 104.977966 0.000061 1.570796 0.000000 2.283080 XYZ
365 120.908928 105.740509 0.000061 1.570796 0.000000 2.289370 XYZ
366 120.241478 106.498871 0.000062 1.570796 0.000000 2.295659 XYZ
367 119.569283 107.253006 0.000062 1.570796 0.000000 2.301949 XYZ
368 118.892357 108.002914 0.000062 1.570796 0.000000 2.308238 XYZ
369 118.210732 108.748543 0.000063 1.570796 0.000000 2.314528 XYZ
370 117.524429 109.489868 0.000063 1.570796 0.000000 2.320817 XYZ
371 116.833466 110.226875 0.000063 1.570796 0.000000 2.327106 XYZ
372 116.137894 110.959503 0.000064 1.570796 0.000000 2.333396 XYZ
373 115.437721 111.687759 0.000064 1.570796 0.000000 2.339685 XYZ
374 114.732986 112.411583 0.000064 1.570796 0.000000 2.345975 XYZ
375 114.023712 113.130966 0.000064 1.570796 0.000000 2.352264 XYZ
376 113.309898 113.845901 0.000065 1.570796 0.000000 2.358554 XYZ
377 112.591629 114.556305 0.000065 1.570796 0.000000 2.364844 XYZ
378 111.868904 115.262184 0.000065 1.570796 0.000000 2.371133 XYZ
379 111.141754 115.963493 0.000066 1.570796 0.000000 2.377423 XYZ
380 110.410240 116.660194 0.000066 1.570796 0.000000 2.383712 XYZ
381 109.674332 117.352303 0.000066 1.570796 0.000000 2.390001 XYZ
382 108.934082 118.039772 0.000067 1.570796 0.000000 2.396291 XYZ
383 108.189529 118.722572 0.000067 1.570796 0.000000 2.402580 XYZ
384 107.440689 119.400673 0.000067 1.570796 0.000000 2.408870 XYZ
385 106.687599 120.074059 0.000068 1.570796 0.000000 2.415159 XYZ
386 105.930290 120.742691 0.000068 1.570796 0.000000 2.421449 XYZ
387 105.168793 121.406540 0.000068 1.570796 0.000000 2.427738 XYZ
388 104.403130 122.065598 0.000069 1.570796 0.000000 2.434028 XYZ
389 103.633347 122.719810 0.000069 1.570796 0.000000 2.440317 XYZ
390 102.859459 123.369186 0.000069 1.570796 0.000000 2.446607 XYZ
391 102.081497 124.013672 0.000070 1.570796 0.000000 2.452896 XYZ
392 101.299500 124.653259 0.000070 1.570796 0.000000 2.459186 XYZ
393 100.513496 125.287903 0.000070 1.570796 0.000000 2.465475 XYZ
394 99.723518 125.917603 0.000071 1.570796 0.000000 2.471765 XYZ
395 98.929596 126.542320 0.000071 1.570796 0.000000 2.478054 XYZ
396 98.131752 127.162033 0.000071 1.570796 0.000000 2.484344 XYZ
397 97.330032 127.776703 0.000072 1.570796 0.000000 2.490633 XYZ
398 96.524467 128.386337 0.000072 1.570796 0.000000 2.496922 XYZ
399 95.715088 128.990875 0.000072 1.570796 0.000000 2.503212 XYZ
400 94.901901 129.590317 0.000073 1.570796 0.000000 2.509501 XYZ
401 94.084984 130.184631 0.000073 1.570796 0.000000 2.515791 XYZ
402 93.264336 130.773804 0.000073 1.570796 0.000000 2.522080 XYZ
403 92.439987 131.357788 0.000074 1.570796 0.000000 2.528370 XYZ
404 91.612000 131.936600 0.000074 1.570796 0.000000 2.534660 XYZ
405 90.780380 132.510162 0.000074 1.570796 0.000000 2.540949 XYZ
406 89.945168 133.078506 0.000075 1.570796 0.000000 2.547238 XYZ
407 89.106407 133.641571 0.000075 1.570796 0.000000 2.553528 XYZ
408 88.264107 134.199371 0.000075 1.570796 0.000000 2.559817 XYZ
409 87.418320 134.751846 0.000076 1.570796 0.000000 2.566107 XYZ
410 86.569115 135.298965 0.000076 1.570796 0.000000 2.572396 XYZ
411 85.716446 135.840759 0.000076 1.570796 0.000000 2.578686 XYZ
412 84.860390 136.377197 0.000077 1.570796 0.000000 2.584975 XYZ
413 84.000977 136.908218 0.000077 1.570796 0.000000 2.591265 XYZ
414 83.138237 137.433823 0.000077 1.570796 0.000000 2.597554 XYZ
415 82.272209 137.953995 0.000078 1.570796 0.000000 2.603843 XYZ
416 81.402924 138.468719 0.000078 1.570796 0.000001 2.610133 XYZ
417 80.530426 138.977966 0.000078 1.570796 0.000001 2.616422 XYZ
418 79.654739 139.481705 0.000079 1.570796 0.000001 2.622712 XYZ
419 78.775902 139.979935 0.000079 1.570796 0.000001 2.629001 XYZ
420 77.893951 140.472610 0.000079 1.570796 0.000001 2.635291 XYZ
421 77.008911 140.959747 0.000080 1.570796 0.000001 2.641580 XYZ
422 76.120834 141.441299 0.000080 1.570796 0.000000 2.647870 XYZ
423 75.229744 141.917267 0.000080 1.570796 0.000001 2.654160 XYZ
424 74.335670 142.387604 0.000081 1.570796 0.000001 2.660449 XYZ
425 73.438660 142.852325 0.000081 1.570796 0.000001 2.666738 XYZ
426 72.538719 143.311401 0.000081 1.570796 0.000001 2.673028 XYZ
427 71.635933 143.764786 0.000082 1.570796 0.000001 2.679317 XYZ
428 70.730316 144.212494 0.000082 1.570796 0.000001 2.685607 XYZ
429 69.821899 144.654510 0.000082 1.570796 0.000001 2.691896 XYZ
430 68.910728 145.090775 0.000083 1.570796 0.000001 2.698186 XYZ
431 67.996819 145.521317 0.000083 1.570796 0.000001 2.704475 XYZ
432 67.080231 145.946106 0.000083 1.570796 0.000001 2.710765 XYZ
433 66.161018 146.365097 0.000084 1.570796 0.000001 2.717054 XYZ
434 65.239151 146.778320 0.000084 1.570796 0.000001 2.723343 XYZ
435 64.314705 147.185730 0.000084 1.570796 0.000001 2.729633 XYZ
436 63.387722 147.587326 0.000085 1.570796 0.000001 2.735923 XYZ
437 62.458229 147.983078 0.000085 1.570796 0.000001 2.742212 XYZ
438 61.526260 148.372986 0.000085 1.570796 0.000001 2.748502 XYZ
439 60.591862 148.757004 0.000086 1.570796 0.000001 2.754791 XYZ
440 59.655064 149.135162 0.000086 1.570796 0.000001 2.761081 XYZ
441 58.715908 149.507401 0.000086 1.570796 0.000001 2.767370 XYZ
442 57.774429 149.873749 0.000087 1.570796 0.000001 2.773659 XYZ
443 56.830662 150.234146 0.000087 1.570796 0.000001 2.779949 XYZ
444 55.884647 150.588608 0.000088 1.570796 0.000001 2.786238 XYZ
445 54.936428 150.937103 0.000088 1.570796 0.000001 2.792528 XYZ
446 53.986031 151.279648 0.000088 1.570796 0.000001 2.798817 XYZ
447 53.033501 151.616196 0.000089 1.570796 0.000001 2.805107 XYZ
448 52.078869 151.946747 0.000089 1.570796 0.000001 2.811396 XYZ
449 51.122177 152.271286 0.000089 1.570796 0.000001 2.817686 XYZ
450 50.163467 152.589813 0.000090 1.570796 0.000001 2.823975 XYZ
451 49.202770 152.902298 0.000090 1.570796 0.000001 2.830265 XYZ
452 48.240128 153.208725 0.000090 1.570796 0.000001 2.836554 XYZ
453 47.275574 153.509094 0.000091 1.570796 0.000001 2.842844 XYZ
454 46.309151 153.803406 0.000091 1.570796 0.000001 2.849133 XYZ
455 45.340900 154.091614 0.000091 1.570796 0.000001 2.855423 XYZ
456 44.370853 154.373734 0.000092 1.570796 0.000001 2.861712 XYZ
457 43.399052 154.649750 0.000092 1.570796 0.000001 2.868002 XYZ
458 42.425529 154.919647 0.000092 1.570796 0.000001 2.874291 XYZ
459 41.450336 155.183411 0.000093 1.570796 0.000001 2.880581 XYZ
460 40.473499 155.441055 0.000093 1.570796 0.000001 2.886870 XYZ
461 39.495060 155.692520 0.000093 1.570796 0.000001 2.893160 XYZ
462 38.515060 155.937851 0.000094 1.570796 0.000001 2.899449 XYZ
463 37.533573 156.177002 0.000094 1.570796 0.000001 2.905738 XYZ
464 36.550568 156.409973 0.000094 1.570796 0.000001 2.912028 XYZ
465 35.566109 156.636765 0.000095 1.570796 0.000001 2.918318 XYZ
466 34.580250 156.857361 0.000095 1.570796 0.000001 2.924607 XYZ
467 33.593021 157.071732 0.000096 1.570796 0.000001 2.930896 XYZ
468 32.604465 157.279907 0.000096 1.570796 0.000001 2.937186 XYZ
469 31.614614 157.481857 0.000096 1.570796 0.000001 2.943475 XYZ
470 30.623518 157.677597 0.000097 1.570796 0.000001 2.949765 XYZ
471 29.631208 157.867081 0.000097 1.570796 0.000001 2.956054 XYZ
472 28.637728 158.050323 0.000097 1.570796 0.000001 2.962343 XYZ
473 27.643112 158.227310 0.000098 1.570796 0.000001 2.968633 XYZ
474 26.647404 158.398041 0.000098 1.570796 0.000001 2.974923 XYZ
475 25.650642 158.562500 0.000098 1.570796 0.000001 2.981212 XYZ
476 24.652828 158.720703 0.000099 1.570796 0.000001 2.987502 XYZ
477 23.654076 158.872604 0.000099 1.570796 0.000001 2.993791 XYZ
478 22.654388 159.018234 0.000099 1.570796 0.000001 3.000081 XYZ
479 21.653803 159.157578 0.000100 1.570796 0.000001 3.006370 XYZ
480 20.652363 159.290634 0.000100 1.570796 0.000001 3.012660 XYZ
481 19.650105 159.417374 0.000100 1.570796 0.000001 3.018950 XYZ
482 18.647072 159.537796 0.000101 1.570796 0.000001 3.025239 XYZ
483 17.643299 159.651917 0.000101 1.570796 0.000001 3.031530 XYZ
484 16.638828 159.759735 0.000101 1.570796 0.000001 3.037817 XYZ
485 15.633700 159.861221 0.000102 1.570796 0.000001 3.044108 XYZ
486 14.627992 159.956375 0.000102 1.570796 0.000001 3.050396 XYZ
487 13.621666 160.045227 0.000103 1.570796 0.000001 3.056687 XYZ
488 12.614801 160.127731 0.000103 1.570796 0.000001 3.062975 XYZ
489 11.607438 160.203903 0.000103 1.570796 0.000001 3.069265 XYZ
490 10.599615 160.273743 0.000104 1.570796 0.000001 3.075554 XYZ
491 9.591373 160.337234 0.000104 1.570796 0.000001 3.081843 XYZ
492 8.582752 160.394394 0.000104 1.570796 0.000001 3.088134 XYZ
493 7.573792 160.445190 0.000105 1.570796 0.000001 3.094423 XYZ
494 6.564531 160.489655 0.000105 1.570796 0.000001 3.100713 XYZ
495 5.555011 160.527771 0.000105 1.570796 0.000001 3.107002 XYZ
496 4.545271 160.559525 0.000106 1.570796 0.000001 3.113289 XYZ
497 3.535352 160.584946 0.000106 1.570796 0.000001 3.119581 XYZ
498 2.525292 160.604004 0.000106 1.570796 0.000001 3.125870 XYZ
499 1.515133 160.616714 0.000107 1.570796 0.000001 3.132160 XYZ
500 0.504914 160.623062 0.000107 1.570796 0.000001 3.138449 XYZ
501 -0.505325 160.623062 0.000107 1.570796 0.000001 -3.138447 XYZ
502 -1.515544 160.616699 0.000108 1.570796 0.000001 -3.132157 XYZ
503 -2.525704 160.604004 0.000108 1.570796 0.000001 -3.125868 XYZ
504 -3.535763 160.584930 0.000109 1.570796 0.000001 -3.119578 XYZ
505 -4.545682 160.559525 0.000109 1.570796 0.000001 -3.113288 XYZ
506 -5.555422 160.527756 0.000109 1.570796 0.000001 -3.106998 XYZ
507 -6.564942 160.489639 0.000110 1.570796 0.000001 -3.100709 XYZ
508 -7.574203 160.445175 0.000110 1.570796 0.000001 -3.094421 XYZ
509 -8.583162 160.394363 0.000110 1.570796 0.000001 -3.088132 XYZ
510 -9.591784 160.337219 0.000111 1.570796 0.000001 -3.081842 XYZ
511 -10.600025 160.273712 0.000111 1.570796 0.000001 -3.075551 XYZ
512 -11.607848 160.203873 0.000111 1.570796 0.000001 -3.069263 XYZ
513 -12.615211 160.127701 0.000112 1.570796 0.000001 -3.062973 XYZ
514 -13.622075 160.045181 0.000112 1.570796 0.000001 -3.056684 XYZ
515 -14.628401 159.956345 0.000112 1.570796 0.000001 -3.050393 XYZ
516 -15.634109 159.861191 0.000113 1.570796 0.000001 -3.044105 XYZ
517 -16.639238 159.759689 0.000113 1.570796 0.000001 -3.037816 XYZ
518 -17.643707 159.651886 0.000113 1.570796 0.000001 -3.031526 XYZ
519 -18.647480 159.537750 0.000114 1.570796 0.000001 -3.025236 XYZ
520 -19.650513 159.417313 0.000114 1.570796 0.000001 -3.018946 XYZ
521 -20.652771 159.290573 0.000115 1.570796 0.000001 -3.012657 XYZ
522 -21.654211 159.157516 0.000115 1.570796 0.000001 -3.006367 XYZ
523 -22.654795 159.018188 0.000115 1.570796 0.000001 -3.000078 XYZ
524 -23.654480 158.872559 0.000116 1.570796 0.000001 -2.993789 XYZ
525 -24.653233 158.720642 0.000116 1.570796 0.000001 -2.987501 XYZ
526 -25.651011 158.562439 0.000116 1.570796 0.000001 -2.981210 XYZ
527 -26.647772 158.397980 0.000117 1.570796 0.000001 -2.974920 XYZ
528 -27.643478 158.227249 0.000117 1.570796 0.000001 -2.968631 XYZ
529 -28.638094 158.050247 0.000117 1.570796 0.000001 -2.962341 XYZ
530 -29.631575 157.867020 0.000118 1.570796 0.000001 -2.956052 XYZ
531 -30.623884 157.677521 0.000118 1.570796 0.000001 -2.949762 XYZ
532 -31.614981 157.481796 0.000118 1.570796 0.000001 -2.943473 XYZ
533 -32.604828 157.279831 0.000119 1.570796 0.000001 -2.937183 XYZ
534 -33.593388 157.071655 0.000119 1.570796 0.000001 -2.930894 XYZ
535 -34.580612 156.857269 0.000119 1.570796 0.000001 -2.924604 XYZ
536 -35.566475 156.636673 0.000120 1.570796 0.000001 -2.918315 XYZ
537 -36.550926 156.409897 0.000120 1.570796 0.000001 -2.912026 XYZ
538 -37.533936 156.176910 0.000120 1.570796 0.000001 -2.905736 XYZ
539 -38.515461 155.937759 0.000121 1.570796 0.000001 -2.899447 XYZ
540 -39.495461 155.692429 0.000121 1.570796 0.000001 -2.893157 XYZ
541 -40.473896 155.440948 0.000122 1.570796 0.000001 -2.886868 XYZ
542 -41.450733 155.183304 0.000122 1.570796 0.000001 -2.880578 XYZ
543 -42.425926 154.919540 0.000122 1.570796 0.000001 -2.874289 XYZ
544 -43.399448 154.649643 0.000123 1.570796 0.000001 -2.867999 XYZ
545 -44.371212 154.373627 0.000123 1.570796 0.000001 -2.861710 XYZ
546 -45.341255 154.091507 0.000123 1.570796 0.000001 -2.855420 XYZ
547 -46.309509 153.803299 0.000124 1.570796 0.000001 -2.849131 XYZ
548 -47.275932 153.508987 0.000124 1.570796 0.000001 -2.842842 XYZ
549 -48.240482 153.208603 0.000124 1.570796 0.000001 -2.836552 XYZ
550 -49.203125 152.902176 0.000125 1.570796 0.000001 -2.830262 XYZ
551 -50.163891 152.589661 0.000125 1.570796 0.000001 -2.823972 XYZ
552 -51.122601 152.271149 0.000125 1.570796 0.000001 -2.817683 XYZ
553 -52.079292 151.946609 0.000126 1.570796 0.000001 -2.811393 XYZ
554 -53.033920 151.616043 0.000126 1.570796 0.000001 -2.805104 XYZ
555 -53.986454 151.279495 0.000126 1.570796 0.000001 -2.798815 XYZ
556 -54.936848 150.936951 0.000127 1.570796 0.000001 -2.792525 XYZ
557 -55.885071 150.588455 0.000127 1.570796 0.000001 -2.786236 XYZ
558 -56.831085 150.233994 0.000127 1.570796 0.000001 -2.779946 XYZ
559 -57.774849 149.873581 0.000128 1.570796 0.000001 -2.773657 XYZ
560 -58.716324 149.507248 0.000128 1.570796 0.000001 -2.767367 XYZ
561 -59.655479 149.134995 0.000128 1.570796 0.000001 -2.761078 XYZ
562 -60.592239 148.756851 0.000129 1.570796 0.000001 -2.754788 XYZ
563 -61.526642 148.372833 0.000129 1.570796 0.000001 -2.748499 XYZ
564 -62.458607 147.982925 0.000129 1.570796 0.000001 -2.742209 XYZ
565 -63.388100 147.587158 0.000130 1.570796 0.000001 -2.735920 XYZ
566 -64.315086 147.185577 0.000130 1.570796 0.000001 -2.729631 XYZ
567 -65.239532 146.778152 0.000131 1.570796 0.000001 -2.723341 XYZ
568 -66.161392 146.364929 0.000131 1.570796 0.000001 -2.717052 XYZ
569 -67.080635 145.945923 0.000131 1.570796 0.000001 -2.710762 XYZ
570 -67.997231 145.521133 0.000132 1.570796 0.000001 -2.704473 XYZ
571 -68.911133 145.090591 0.000132 1.570796 0.000001 -2.698183 XYZ
572 -69.822304 144.654312 0.000132 1.570796 0.000001 -2.691894 XYZ
573 -70.730721 144.212311 0.000133 1.570796 0.000001 -2.685604 XYZ
574 -71.636337 143.764587 0.000133 1.570796 0.000001 -2.679315 XYZ
575 -72.539116 143.311203 0.000133 1.570796 0.000001 -2.673025 XYZ
576 -73.439034 142.852142 0.000134 1.570796 0.000001 -2.666736 XYZ
577 -74.336037 142.387421 0.000134 1.570796 0.000001 -2.660446 XYZ
578 -75.230103 141.917068 0.000134 1.570796 0.000001 -2.654157 XYZ
579 -76.121193 141.441101 0.000135 1.570796 0.000001 -2.647867 XYZ
580 -77.009270 140.959549 0.000135 1.570796 0.000001 -2.641578 XYZ
581 -77.894310 140.472412 0.000135 1.570796 0.000001 -2.635288 XYZ
582 -78.776260 139.979736 0.000136 1.570796 0.000001 -2.628999 XYZ
583 -79.655090 139.481506 0.000136 1.570796 0.000001 -2.622709 XYZ
584 -80.530777 138.977753 0.000136 1.570796 0.000001 -2.616420 XYZ
585 -81.403282 138.468506 0.000137 1.570796 0.000001 -2.610130 XYZ
586 -82.272560 137.953796 0.000137 1.570796 0.000001 -2.603841 XYZ
587 -83.138580 137.433624 0.000137 1.570796 0.000001 -2.597552 XYZ
588 -84.001320 136.908005 0.000138 1.570796 0.000001 -2.591262 XYZ
589 -84.860733 136.376968 0.000138 1.570796 0.000001 -2.584972 XYZ
590 -85.716789 135.840546 0.000138 1.570796 0.000001 -2.578683 XYZ
591 -86.569458 135.298752 0.000139 1.570795 0.000001 -2.572393 XYZ
592 -87.418663 134.751633 0.000139 1.570796 0.000001 -2.566104 XYZ
593 -88.264450 134.199142 0.000139 1.570796 0.000001 -2.559815 XYZ
594 -89.106735 133.641357 0.000140 1.570796 0.000001 -2.553525 XYZ
595 -89.945511 133.078278 0.000140 1.570796 0.000001 -2.547236 XYZ
596 -90.780724 132.509933 0.000140 1.570796 0.000001 -2.540946 XYZ
597 -91.612335 131.936356 0.000141 1.570796 0.000001 -2.534657 XYZ
598 -92.440331 131.357559 0.000141 1.570796 0.000001 -2.528368 XYZ
599 -93.264664 130.773560 0.000141 1.570795 0.000001 -2.522078 XYZ
600 -94.085312 130.184387 0.000142 1.570795 0.000001 -2.515789 XYZ
601 -94.902237 129.590073 0.000142 1.570795 0.000001 -2.509499 XYZ
602 -95.715408 128.990631 0.000142 1.570796 0.000001 -2.503209 XYZ
603 -96.524803 128.386078 0.000143 1.570796 0.000001 -2.496920 XYZ
604 -97.330368 127.776459 0.000143 1.570795 0.000001 -2.490630 XYZ
605 -98.132080 127.161774 0.000143 1.570796 0.000001 -2.484341 XYZ
606 -98.929916 126.542061 0.000144 1.570796 0.000001 -2.478051 XYZ
607 -99.723839 125.917351 0.000144 1.570796 0.000001 -2.471762 XYZ
608 -100.513817 125.287643 0.000144 1.570796 0.000001 -2.465472 XYZ
609 -101.299812 124.653000 0.000145 1.570795 0.000001 -2.459183 XYZ
610 -102.081818 124.013412 0.000145 1.570795 0.000001 -2.452893 XYZ
611 -102.859772 123.368927 0.000145 1.570796 0.000001 -2.446604 XYZ
612 -103.633652 122.719559 0.000146 1.570796 0.000001 -2.440315 XYZ
613 -104.403442 122.065331 0.000146 1.570796 0.000001 -2.434025 XYZ
614 -105.169098 121.406273 0.000146 1.570795 0.000001 -2.427736 XYZ
615 -105.930603 120.742416 0.000147 1.570795 0.000001 -2.421446 XYZ
616 -106.687904 120.073784 0.000147 1.570795 0.000001 -2.415157 XYZ
617 -107.440994 119.400398 0.000147 1.570796 0.000001 -2.408867 XYZ
618 -108.189827 118.722298 0.000148 1.570796 0.000001 -2.402578 XYZ
619 -108.934380 118.039497 0.000148 1.570796 0.000001 -2.396288 XYZ
620 -109.674637 117.352028 0.000148 1.570796 0.000001 -2.389999 XYZ
621 -110.410545 116.659912 0.000149 1.570796 0.000001 -2.383709 XYZ
622 -111.142052 115.963203 0.000149 1.570795 0.000001 -2.377420 XYZ
623 -111.869202 115.261894 0.000149 1.570796 0.000001 -2.371130 XYZ
624 -112.591919 114.556023 0.000149 1.570795 0.000001 -2.364841 XYZ
625 -113.310196 113.845612 0.000150 1.570796 0.000001 -2.358552 XYZ
626 -114.023979 113.130699 0.000150 1.570795 0.000001 -2.352262 XYZ
627 -114.733246 112.411316 0.000150 1.570796 0.000001 -2.345973 XYZ
628 -115.437981 111.687492 0.000151 1.570796 0.000001 -2.339683 XYZ
629 -116.138153 110.959236 0.000151 1.570795 0.000001 -2.333394 XYZ
630 -116.833725 110.226601 0.000151 1.570795 0.000001 -2.327104 XYZ
631 -117.524673 109.489601 0.000152 1.570795 0.000001 -2.320815 XYZ
632 -118.210983 108.748276 0.000152 1.570796 0.000001 -2.314525 XYZ
633 -118.892609 108.002640 0.000152 1.570795 0.000001 -2.308236 XYZ
634 -119.569534 107.252739 0.000153 1.570796 0.000001 -2.301946 XYZ
635 -120.241730 106.498596 0.000153 1.570796 0.000001 -2.295657 XYZ
636 -120.909164 105.740234 0.000153 1.570796 0.000001 -2.289367 XYZ
637 -121.571854 104.977661 0.000154 1.570795 0.000001 -2.283077 XYZ
638 -122.229698 104.210960 0.000154 1.570795 0.000001 -2.276788 XYZ
639 -122.882706 103.440147 0.000154 1.570796 0.000001 -2.270499 XYZ
640 -123.530861 102.665237 0.000155 1.570796 0.000001 -2.264209 XYZ
641 -124.174126 101.886269 0.000155 1.570795 0.000001 -2.257920 XYZ
642 -124.812469 101.103264 0.000155 1.570795 0.000001 -2.251630 XYZ
643 -125.445885 100.316269 0.000155 1.570795 0.000001 -2.245341 XYZ
644 -126.074333 99.525299 0.000156 1.570795 0.000001 -2.239051 XYZ
645 -126.697800 98.730392 0.000156 1.570796 0.000001 -2.232762 XYZ
646 -127.316254 97.931572 0.000156 1.570795 0.000001 -2.226472 XYZ
647 -127.929665 97.128899 0.000157 1.570796 0.000001 -2.220183 XYZ
648 -128.538025 96.322372 0.000157 1.570796 0.000001 -2.213893 XYZ
649 -129.141296 95.512032 0.000157 1.570795 0.000001 -2.207604 XYZ
650 -129.739471 94.697914 0.000158 1.570796 0.000001 -2.201314 XYZ
651 -130.332535 93.879990 0.000158 1.570795 0.000001 -2.195024 XYZ
652 -130.920410 93.058418 0.000158 1.570796 0.000001 -2.188735 XYZ
653 -131.503067 92.233223 0.000159 1.570796 0.000001 -2.182446 XYZ
654 -132.080551 91.404320 0.000159 1.570795 0.000001 -2.176156 XYZ
655 -132.652832 90.571800 0.000159 1.570795 0.000001 -2.169867 XYZ
656 -133.219849 89.735687 0.000159 1.570795 0.000001 -2.163577 XYZ
657 -133.781601 88.896034 0.000160 1.570796 0.000001 -2.157288 XYZ
658 -134.338058 88.052872 0.000160 1.570795 0.000001 -2.150999 XYZ
659 -134.889221 87.206215 0.000160 1.570795 0.000001 -2.144709 XYZ
660 -135.435028 86.356110 0.000161 1.570795 0.000001 -2.138419 XYZ
661 -135.975479 85.502594 0.000161 1.570795 0.000001 -2.132130 XYZ
662 -136.510544 84.645691 0.000161 1.570795 0.000001 -2.125840 XYZ
663 -137.040222 83.785446 0.000162 1.570795 0.000001 -2.119551 XYZ
664 -137.564468 82.921875 0.000162 1.570795 0.000001 -2.113261 XYZ
665 -138.083282 82.055031 0.000162 1.570795 0.000001 -2.106972 XYZ
666 -138.596634 81.184944 0.000162 1.570796 0.000001 -2.100683 XYZ
667 -139.104492 80.311646 0.000163 1.570795 0.000001 -2.094393 XYZ
668 -139.606857 79.435165 0.000163 1.570796 0.000001 -2.088104 XYZ
669 -140.103714 78.555550 0.000163 1.570795 0.000001 -2.081814 XYZ
670 -140.595001 77.672821 0.000164 1.570795 0.000001 -2.075525 XYZ
671 -141.080734 76.787018 0.000164 1.570795 0.000001 -2.069235 XYZ
672 -141.560898 75.898186 0.000164 1.570795 0.000001 -2.062946 XYZ
673 -142.035461 75.006348 0.000165 1.570796 0.000001 -2.056656 XYZ
674 -142.504395 74.111534 0.000165 1.570795 0.000001 -2.050367 XYZ
675 -142.967697 73.213799 0.000165 1.570795 0.000001 -2.044077 XYZ
676 -143.425354 72.313164 0.000165 1.570795 0.000001 -2.037788 XYZ
677 -143.877319 71.409668 0.000166 1.570795 0.000001 -2.031498 XYZ
678 -144.323608 70.503349 0.000166 1.570795 0.000001 -2.025209 XYZ
679 -144.764175 69.594238 0.000166 1.570795 0.000001 -2.018919 XYZ
680 -145.199020 68.682373 0.000167 1.570795 0.000001 -2.012630 XYZ
681 -145.628113 67.767792 0.000167 1.570795 0.000001 -2.006340 XYZ
682 -146.051453 66.850533 0.000167 1.570795 0.000001 -2.000051 XYZ
683 -146.469025 65.930626 0.000167 1.570795 0.000001 -1.993761 XYZ
684 -146.880783 65.008118 0.000168 1.570795 0.000001 -1.987472 XYZ
685 -147.286758 64.083031 0.000168 1.570795 0.000001 -1.981182 XYZ
686 -147.686890 63.155415 0.000168 1.570795 0.000001 -1.974893 XYZ
687 -148.081177 62.225300 0.000169 1.570795 0.000001 -1.968603 XYZ
688 -148.469604 61.292721 0.000169 1.570795 0.000001 -1.962314 XYZ
689 -148.852173 60.357719 0.000169 1.570795 0.000001 -1.956024 XYZ
690 -149.228836 59.420330 0.000169 1.570795 0.000001 -1.949735 XYZ
691 -149.599609 58.480587 0.000170 1.570795 0.000001 -1.943446 XYZ
692 -149.964462 57.538532 0.000170 1.570795 0.000001 -1.937156 XYZ
693 -150.323380 56.594200 0.000170 1.570795 0.000001 -1.930866 XYZ
694 -150.676346 55.647633 0.000171 1.570795 0.000001 -1.924577 XYZ
695 -151.023376 54.698860 0.000171 1.570795 0.000001 -1.918288 XYZ
696 -151.364395 53.747925 0.000171 1.570795 0.000001 -1.911998 XYZ
697 -151.699448 52.794865 0.000171 1.570795 0.000001 -1.905709 XYZ
698 -152.028503 51.839718 0.000172 1.570795 0.000001 -1.899419 XYZ
699 -152.351547 50.882515 0.000172 1.570795 0.000001 -1.893130 XYZ
700 -152.668549 49.923306 0.000172 1.570795 0.000001 -1.886840 XYZ
701 -152.979523 48.962120 0.000172 1.570795 0.000001 -1.880551 XYZ
702 -153.284439 47.998993 0.000173 1.570795 0.000001 -1.874261 XYZ
703 -153.583298 47.033970 0.000173 1.570795 0.000001 -1.867972 XYZ
704 -153.876068 46.067089 0.000173 1.570795 0.000001 -1.861682 XYZ
705 -154.162766 45.098385 0.000174 1.570795 0.000001 -1.855393 XYZ
706 -154.443359 44.127895 0.000174 1.570795 0.000001 -1.849103 XYZ
707 -154.717850 43.155659 0.000174 1.570795 0.000001 -1.842814 XYZ
708 -154.986191 42.181789 0.000174 1.570795 0.000001 -1.836525 XYZ
709 -155.248428 41.206181 0.000175 1.570795 0.000001 -1.830235 XYZ
710 -155.504517 40.228935 0.000175 1.570795 0.000001 -1.823946 XYZ
711 -155.754456 39.250107 0.000175 1.570795 0.000001 -1.817656 XYZ
712 -155.998245 38.269722 0.000175 1.570795 0.000001 -1.811367 XYZ
713 -156.235840 37.287899 0.000176 1.570795 0.000001 -1.805078 XYZ
714 -156.467270 36.304523 0.000176 1.570795 0.000001 -1.798788 XYZ
715 -156.692505 35.319714 0.000176 1.570795 0.000001 -1.792499 XYZ
716 -156.911545 34.333508 0.000176 1.570795 0.000001 -1.786209 XYZ
717 -157.124390 33.345943 0.000177 1.570795 0.000001 -1.779920 XYZ
718 -157.330994 32.357056 0.000177 1.570795 0.000001 -1.773630 XYZ
719 -157.531403 31.366894 0.000177 1.570795 0.000001 -1.767341 XYZ
720 -157.725555 30.375488 0.000177 1.570795 0.000001 -1.761051 XYZ
721 -157.913483 29.382883 0.000178 1.570795 0.000001 -1.754762 XYZ
722 -158.095154 28.389114 0.000178 1.570795 0.000001 -1.748472 XYZ
723 -158.270599 27.394222 0.000178 1.570795 0.000001 -1.742183 XYZ
724 -158.439758 26.398247 0.000178 1.570795 0.000001 -1.735894 XYZ
725 -158.602646 25.401228 0.000179 1.570795 0.000001 -1.729604 XYZ
726 -158.759277 24.403202 0.000179 1.570795 0.000001 -1.723315 XYZ
727 -158.909622 23.404213 0.000179 1.570795 0.000001 -1.717025 XYZ
728 -159.053680 22.404299 0.000180 1.570795 0.000001 -1.710736 XYZ
729 -159.191437 21.403498 0.000180 1.570795 0.000001 -1.704446 XYZ
730 -159.322906 20.401848 0.000180 1.570795 0.000001 -1.698157 XYZ
731 -159.448074 19.399393 0.000180 1.570795 0.000001 -1.691867 XYZ
732 -159.566925 18.396170 0.000181 1.570795 0.000001 -1.685578 XYZ
733 -159.679474 17.392220 0.000181 1.570795 0.000001 -1.679288 XYZ
734 -159.785690 16.387579 0.000181 1.570795 0.000001 -1.672999 XYZ
735 -159.885605 15.382294 0.000181 1.570795 0.000001 -1.666709 XYZ
736 -159.979202 14.376398 0.000182 1.570795 0.000001 -1.660420 XYZ
737 -160.066452 13.369934 0.000182 1.570795 0.000001 -1.654130 XYZ
738 -160.147369 12.362941 0.000182 1.570795 0.000001 -1.647841 XYZ
739 -160.221954 11.355460 0.000182 1.570795 0.000001 -1.641551 XYZ
740 -160.290207 10.347528 0.000182 1.570795 0.000001 -1.635262 XYZ
741 -160.352112 9.339188 0.000183 1.570795 0.000001 -1.628973 XYZ
742 -160.407684 8.330478 0.000183 1.570795 0.000001 -1.622683 XYZ
743 -160.456909 7.321439 0.000183 1.570795 0.000001 -1.616393 XYZ
744 -160.499786 6.312110 0.000183 1.570795 0.000001 -1.610104 XYZ
745 -160.536316 5.302531 0.000184 1.570795 0.000001 -1.603814 XYZ
746 -160.566483 4.292743 0.000184 1.570795 0.000001 -1.597525 XYZ
747 -160.590302 3.282784 0.000184 1.570795 0.000001 -1.591236 XYZ
748 -160.607788 2.272696 0.000184 1.570795 0.000001 -1.584946 XYZ
749 -160.618896 1.262518 0.000185 1.570795 0.000001 -1.578657 XYZ
750 -160.623657 0.252290 0.000185 1.570795 0.000001 -1.572367 XYZ
751 -160.622070 -0.758024 0.000185 1.570795 0.000001 -1.566077 XYZ
752 -160.614120 -1.768232 0.000185 1.570795 0.000001 -1.559788 XYZ
753 -160.599823 -2.778370 0.000186 1.570795 0.000001 -1.553498 XYZ
754 -160.579178 -3.788399 0.000186 1.570795 0.000001 -1.547209 XYZ
755 -160.552170 -4.798277 0.000186 1.570795 0.000001 -1.540919 XYZ
756 -160.518814 -5.807965 0.000186 1.570795 0.000001 -1.534630 XYZ
757 -160.479111 -6.817424 0.000186 1.570795 0.000001 -1.528340 XYZ
758 -160.433060 -7.826613 0.000187 1.570795 0.000001 -1.522051 XYZ
759 -160.380661 -8.835416 0.000187 1.570795 0.000001 -1.515762 XYZ
760 -160.321930 -9.843946 0.000187 1.570795 0.000001 -1.509472 XYZ
761 -160.256836 -10.852087 0.000187 1.570795 0.000001 -1.503183 XYZ
762 -160.185425 -11.859797 0.000188 1.570795 0.000001 -1.496893 XYZ
763 -160.107651 -12.867040 0.000188 1.570795 0.000001 -1.490604 XYZ
764 -160.023560 -13.873773 0.000188 1.570795 0.000001 -1.484314 XYZ
765 -159.933151 -14.879956 0.000188 1.570795 0.000001 -1.478025 XYZ
766 -159.836395 -15.885553 0.000188 1.570795 0.000001 -1.471735 XYZ
767 -159.733322 -16.890520 0.000189 1.570795 0.000001 -1.465446 XYZ
768 -159.623932 -17.894819 0.000189 1.570795 0.000001 -1.459157 XYZ
769 -159.508224 -18.898411 0.000189 1.570795 0.000001 -1.452867 XYZ
770 -159.386200 -19.901255 0.000189 1.570795 0.000001 -1.446577 XYZ
771 -159.257889 -20.903309 0.000190 1.570795 0.000001 -1.440288 XYZ
772 -159.123260 -21.904541 0.000190 1.570795 0.000001 -1.433998 XYZ
773 -158.982346 -22.904903 0.000190 1.570795 0.000001 -1.427709 XYZ
774 -158.835144 -23.904360 0.000190 1.570795 0.000001 -1.421419 XYZ
775 -158.681656 -24.902872 0.000190 1.570795 0.000001 -1.415130 XYZ
776 -158.521896 -25.900396 0.000191 1.570795 0.000001 -1.408840 XYZ
777 -158.355865 -26.896900 0.000191 1.570795 0.000001 -1.402551 XYZ
778 -158.183563 -27.892336 0.000191 1.570795 0.000001 -1.396262 XYZ
779 -158.005020 -28.886673 0.000191 1.570795 0.000001 -1.389972 XYZ
780 -157.820206 -29.879866 0.000191 1.570795 0.000001 -1.383682 XYZ
781 -157.629150 -30.871874 0.000192 1.570795 0.000001 -1.377393 XYZ
782 -157.431870 -31.862661 0.000192 1.570795 0.000001 -1.371104 XYZ
783 -157.228363 -32.852192 0.000192 1.570795 0.000001 -1.364814 XYZ
784 -157.018631 -33.840420 0.000192 1.570795 0.000001 -1.358525 XYZ
785 -156.802673 -34.827309 0.000193 1.570795 0.000001 -1.352235 XYZ
786 -156.580536 -35.812820 0.000193 1.570795 0.000001 -1.345946 XYZ
787 -156.352203 -36.796917 0.000193 1.570795 0.000001 -1.339656 XYZ
788 -156.117676 -37.779556 0.000193 1.570795 0.000001 -1.333367 XYZ
789 -155.876984 -38.760704 0.000193 1.570795 0.000001 -1.327077 XYZ
790 -155.630112 -39.740318 0.000194 1.570795 0.000001 -1.320788 XYZ
791 -155.377090 -40.718357 0.000194 1.570795 0.000001 -1.314498 XYZ
792 -155.117920 -41.694786 0.000194 1.570795 0.000001 -1.308209 XYZ
793 -154.852615 -42.669563 0.000194 1.570795 0.000001 -1.301920 XYZ
794 -154.581192 -43.642658 0.000194 1.570795 0.000001 -1.295630 XYZ
795 -154.303635 -44.614025 0.000195 1.570795 0.000001 -1.289340 XYZ
796 -154.019989 -45.583626 0.000195 1.570795 0.000001 -1.283051 XYZ
797 -153.730240 -46.551426 0.000195 1.570795 0.000001 -1.276761 XYZ
798 -153.434418 -47.517380 0.000195 1.570795 0.000001 -1.270472 XYZ
799 -153.132523 -48.481457 0.000195 1.570795 0.000001 -1.264183 XYZ
800 -152.824585 -49.443619 0.000195 1.570795 0.000001 -1.257893 XYZ
801 -152.510590 -50.403820 0.000196 1.570795 0.000001 -1.251603 XYZ
802 -152.190552 -51.362026 0.000196 1.570795 0.000001 -1.245314 XYZ
803 -151.864502 -52.318207 0.000196 1.570795 0.000001 -1.239025 XYZ
804 -151.532455 -53.272312 0.000196 1.570795 0.000001 -1.232735 XYZ
805 -151.194397 -54.224316 0.000196 1.570795 0.000001 -1.226446 XYZ
806 -150.850372 -55.174168 0.000197 1.570795 0.000001 -1.220156 XYZ
807 -150.500381 -56.121841 0.000197 1.570795 0.000001 -1.213867 XYZ
808 -150.144409 -57.067299 0.000197 1.570795 0.000001 -1.207577 XYZ
809 -149.782532 -58.010490 0.000197 1.570795 0.000001 -1.201288 XYZ
810 -149.414703 -58.951393 0.000197 1.570795 0.000001 -1.194998 XYZ
811 -149.040985 -59.889965 0.000198 1.570795 0.000001 -1.188709 XYZ
812 -148.661362 -60.826160 0.000198 1.570795 0.000001 -1.182419 XYZ
813 -148.275864 -61.759953 0.000198 1.570795 0.000001 -1.176130 XYZ
814 -147.884491 -62.691303 0.000198 1.570795 0.000001 -1.169840 XYZ
815 -147.487274 -63.620178 0.000198 1.570795 0.000001 -1.163551 XYZ
816 -147.084229 -64.546532 0.000198 1.570795 0.000001 -1.157261 XYZ
817 -146.675354 -65.470337 0.000199 1.570795 0.000001 -1.150972 XYZ
818 -146.260712 -66.391472 0.000199 1.570795 0.000001 -1.144683 XYZ
819 -145.840256 -67.310059 0.000199 1.570795 0.000001 -1.138393 XYZ
820 -145.414032 -68.225975 0.000199 1.570795 0.000001 -1.132104 XYZ
821 -144.982056 -69.139198 0.000199 1.570795 0.000001 -1.125814 XYZ
822 -144.544327 -70.049690 0.000199 1.570795 0.000001 -1.119525 XYZ
823 -144.100906 -70.957413 0.000200 1.570795 0.000001 -1.113235 XYZ
824 -143.651764 -71.862320 0.000200 1.570795 0.000001 -1.106946 XYZ
825 -143.196945 -72.764389 0.000200 1.570795 0.000001 -1.100656 XYZ
826 -142.736481 -73.663574 0.000200 1.570795 0.000001 -1.094367 XYZ
827 -142.270355 -74.559853 0.000200 1.570795 0.000001 -1.088077 XYZ
828 -141.798599 -75.453178 0.000200 1.570795 0.000001 -1.081788 XYZ
829 -141.321228 -76.343521 0.000201 1.570795 0.000001 -1.075498 XYZ
830 -140.838272 -77.230843 0.000201 1.570795 0.000001 -1.069209 XYZ
831 -140.349747 -78.115112 0.000201 1.570795 0.000001 -1.062919 XYZ
832 -139.855682 -78.996284 0.000201 1.570795 0.000001 -1.056630 XYZ
833 -139.356064 -79.874336 0.000201 1.570795 0.000001 -1.050340 XYZ
834 -138.850937 -80.749229 0.000201 1.570795 0.000001 -1.044051 XYZ
835 -138.340332 -81.620926 0.000202 1.570795 0.000001 -1.037762 XYZ
836 -137.824249 -82.489395 0.000202 1.570795 0.000001 -1.031472 XYZ
837 -137.302704 -83.354599 0.000202 1.570795 0.000001 -1.025183 XYZ
838 -136.775742 -84.216507 0.000202 1.570795 0.000001 -1.018893 XYZ
839 -136.243362 -85.075089 0.000202 1.570795 0.000001 -1.012604 XYZ
840 -135.705597 -85.930298 0.000202 1.570795 0.000001 -1.006314 XYZ
841 -135.162460 -86.782112 0.000203 1.570795 0.000001 -1.000025 XYZ
842 -134.613968 -87.630486 0.000203 1.570795 0.000001 -0.993735 XYZ
843 -134.060165 -88.475403 0.000203 1.570795 0.000001 -0.987446 XYZ
844 -133.501038 -89.316818 0.000203 1.570795 0.000001 -0.981156 XYZ
845 -132.936646 -90.154701 0.000203 1.570795 0.000001 -0.974867 XYZ
846 -132.367004 -90.989014 0.000203 1.570795 0.000001 -0.968577 XYZ
847 -131.792114 -91.819733 0.000203 1.570795 0.000001 -0.962288 XYZ
848 -131.212006 -92.646812 0.000204 1.570795 0.000001 -0.955998 XYZ
849 -130.626724 -93.470230 0.000204 1.570795 0.000001 -0.949709 XYZ
850 -130.036255 -94.289948 0.000204 1.570795 0.000001 -0.943419 XYZ
851 -129.440613 -95.106003 0.000204 1.570795 0.000001 -0.937129 XYZ
852 -128.839890 -95.918228 0.000204 1.570795 0.000001 -0.930840 XYZ
853 -128.234070 -96.726669 0.000204 1.570795 0.000001 -0.924550 XYZ
854 -127.623177 -97.531265 0.000204 1.570795 0.000001 -0.918261 XYZ
855 -127.007233 -98.332024 0.000205 1.570795 0.000001 -0.911971 XYZ
856 -126.386261 -99.128883 0.000205 1.570795 0.000001 -0.905682 XYZ
857 -125.760300 -99.921814 0.000205 1.570795 0.000001 -0.899392 XYZ
858 -125.129364 -100.710800 0.000205 1.570795 0.000001 -0.893103 XYZ
859 -124.493469 -101.495804 0.000205 1.570795 0.000001 -0.886813 XYZ
860 -123.852661 -102.276787 0.000205 1.570795 0.000001 -0.880524 XYZ
861 -123.206947 -103.053734 0.000205 1.570795 0.000001 -0.874234 XYZ
862 -122.556358 -103.826599 0.000205 1.570795 0.000001 -0.867945 XYZ
863 -121.900925 -104.595352 0.000206 1.570795 0.000001 -0.861656 XYZ
864 -121.240662 -105.359978 0.000206 1.570795 0.000001 -0.855366 XYZ
865 -120.575668 -106.120361 0.000206 1.570795 0.000001 -0.849077 XYZ
866 -119.905846 -106.876617 0.000206 1.570795 0.000001 -0.842788 XYZ
867 -119.231277 -107.628654 0.000206 1.570795 0.000001 -0.836498 XYZ
868 -118.551994 -108.376427 0.000206 1.570795 0.000001 -0.830209 XYZ
869 -117.868027 -109.119904 0.000206 1.570795 0.000001 -0.823919 XYZ
870 -117.179382 -109.859070 0.000207 1.570795 0.000001 -0.817630 XYZ
871 -116.486115 -110.593887 0.000207 1.570795 0.000001 -0.811340 XYZ
872 -115.788239 -111.324333 0.000207 1.570795 0.000001 -0.805051 XYZ
873 -115.085785 -112.050369 0.000207 1.570795 0.000001 -0.798761 XYZ
874 -114.378769 -112.771988 0.000207 1.570795 0.000001 -0.792472 XYZ
875 -113.667236 -113.489128 0.000207 1.570795 0.000001 -0.786182 XYZ
876 -112.951202 -114.201782 0.000207 1.570795 0.000001 -0.779893 XYZ
877 -112.230705 -114.909927 0.000207 1.570795 0.000001 -0.773603 XYZ
878 -111.505768 -115.613525 0.000207 1.570795 0.000001 -0.767314 XYZ
879 -110.776413 -116.312546 0.000208 1.570795 0.000001 -0.761024 XYZ
880 -110.042686 -117.006966 0.000208 1.570795 0.000001 -0.754735 XYZ
881 -109.304596 -117.696754 0.000208 1.570795 0.000001 -0.748445 XYZ
882 -108.562187 -118.381897 0.000208 1.570795 0.000001 -0.742156 XYZ
883 -107.815483 -119.062355 0.000208 1.570795 0.000001 -0.735866 XYZ
884 -107.064514 -119.738098 0.000208 1.570795 0.000001 -0.729577 XYZ
885 -106.309319 -120.409111 0.000208 1.570795 0.000001 -0.723287 XYZ
886 -105.549904 -121.075348 0.000208 1.570795 0.000001 -0.716998 XYZ
887 -104.786324 -121.736801 0.000209 1.570795 0.000001 -0.710708 XYZ
888 -104.018593 -122.393448 0.000209 1.570795 0.000001 -0.704419 XYZ
889 -103.246750 -123.045242 0.000209 1.570795 0.000001 -0.698129 XYZ
890 -102.470825 -123.692169 0.000209 1.570795 0.000001 -0.691840 XYZ
891 -101.690842 -124.334206 0.000209 1.570795 0.000001 -0.685551 XYZ
892 -100.906837 -124.971336 0.000209 1.570795 0.000001 -0.679261 XYZ
893 -100.118843 -125.603508 0.000209 1.570795 0.000001 -0.672972 XYZ
894 -99.326889 -126.230713 0.000209 1.570795 0.000001 -0.666682 XYZ
895 -98.530998 -126.852928 0.000209 1.570795 0.000001 -0.660393 XYZ
896 -97.731224 -127.470116 0.000209 1.570795 0.000001 -0.654103 XYZ
897 -96.927567 -128.082275 0.000210 1.570795 0.000001 -0.647814 XYZ
898 -96.120094 -128.689362 0.000210 1.570795 0.000001 -0.641524 XYZ
899 -95.308807 -129.291351 0.000210 1.570795 0.000001 -0.635235 XYZ
900 -94.493752 -129.888245 0.000210 1.570795 0.000001 -0.628945 XYZ
901 -93.674950 -130.479980 0.000210 1.570795 0.000001 -0.622656 XYZ
902 -92.852455 -131.066559 0.000210 1.570795 0.000001 -0.616366 XYZ
903 -92.026283 -131.647964 0.000210 1.570795 0.000001 -0.610077 XYZ
904 -91.196472 -132.224152 0.000210 1.570795 0.000001 -0.603787 XYZ
905 -90.363052 -132.795120 0.000210 1.570795 0.000001 -0.597498 XYZ
906 -89.526054 -133.360825 0.000210 1.570795 0.000001 -0.591208 XYZ
907 -88.685524 -133.921249 0.000210 1.570795 0.000001 -0.584919 XYZ
908 -87.841476 -134.476379 0.000211 1.570795 0.000001 -0.578629 XYZ
909 -86.993896 -135.026230 0.000211 1.570795 0.000001 -0.572339 XYZ
910 -86.142929 -135.570709 0.000211 1.570795 0.000001 -0.566050 XYZ
911 -85.288559 -136.109818 0.000211 1.570795 0.000001 -0.559760 XYZ
912 -84.430824 -136.643555 0.000211 1.570795 0.000001 -0.553471 XYZ
913 -83.569809 -137.171829 0.000211 1.570795 0.000001 -0.547182 XYZ
914 -82.705421 -137.694717 0.000211 1.570795 0.000001 -0.540892 XYZ
915 -81.837761 -138.212173 0.000211 1.570795 0.000001 -0.534603 XYZ
916 -80.966873 -138.724152 0.000211 1.570795 0.000001 -0.528314 XYZ
917 -80.092766 -139.230652 0.000211 1.570795 0.000001 -0.522024 XYZ
918 -79.215500 -139.731628 0.000211 1.570795 0.000001 -0.515734 XYZ
919 -78.335098 -140.227081 0.000211 1.570795 0.000001 -0.509445 XYZ
920 -77.451599 -140.716995 0.000212 1.570795 0.000001 -0.503156 XYZ
921 -76.565041 -141.201340 0.000212 1.570795 0.000001 -0.496866 XYZ
922 -75.675446 -141.680099 0.000212 1.570795 0.000001 -0.490577 XYZ
923 -74.782860 -142.153244 0.000212 1.570795 0.000001 -0.484287 XYZ
924 -73.887390 -142.620743 0.000212 1.570795 0.000001 -0.477998 XYZ
925 -72.988914 -143.082642 0.000212 1.570795 0.000001 -0.471709 XYZ
926 -72.087563 -143.538864 0.000212 1.570795 0.000001 -0.465419 XYZ
927 -71.183357 -143.989410 0.000212 1.570795 0.000001 -0.459130 XYZ
928 -70.276337 -144.434280 0.000212 1.570795 0.000001 -0.452840 XYZ
929 -69.366539 -144.873413 0.000212 1.570795 0.000001 -0.446551 XYZ
930 -68.453995 -145.306824 0.000212 1.570795 0.000001 -0.440261 XYZ
931 -67.538742 -145.734497 0.000212 1.570795 0.000001 -0.433972 XYZ
932 -66.620819 -146.156387 0.000212 1.570795 0.000001 -0.427682 XYZ
933 -65.700256 -146.572510 0.000212 1.570795 0.000001 -0.421393 XYZ
934 -64.777100 -146.982834 0.000213 1.570795 0.000001 -0.415103 XYZ
935 -63.851379 -147.387329 0.000213 1.570795 0.000001 -0.408814 XYZ
936 -62.923134 -147.786011 0.000213 1.570795 0.000001 -0.402524 XYZ
937 -61.992393 -148.178833 0.000213 1.570795 0.000001 -0.396235 XYZ
938 -61.059208 -148.565796 0.000213 1.570795 0.000001 -0.389945 XYZ
939 -60.123608 -148.946884 0.000213 1.570795 0.000001 -0.383656 XYZ
940 -59.185619 -149.322083 0.000213 1.570795 0.000001 -0.377366 XYZ
941 -58.245296 -149.691376 0.000213 1.570795 0.000001 -0.371077 XYZ
942 -57.302673 -150.054749 0.000213 1.570795 0.000001 -0.364787 XYZ
943 -56.357777 -150.412186 0.000213 1.570795 0.000001 -0.358498 XYZ
944 -55.410652 -150.763672 0.000213 1.570795 0.000001 -0.352208 XYZ
945 -54.461342 -151.109177 0.000213 1.570795 0.000001 -0.345919 XYZ
946 -53.509869 -151.448730 0.000213 1.570795 0.000001 -0.339629 XYZ
947 -52.556282 -151.782272 0.000213 1.570795 0.000001 -0.333340 XYZ
948 -51.600616 -152.109833 0.000213 1.570795 0.000001 -0.327051 XYZ
949 -50.642914 -152.431366 0.000213 1.570795 0.000001 -0.320761 XYZ
950 -49.683205 -152.746857 0.000213 1.570795 0.000001 -0.314472 XYZ
951 -48.721455 -153.056335 0.000213 1.570795 0.000001 -0.308182 XYZ
952 -47.757854 -153.359741 0.000214 1.570795 0.000001 -0.301892 XYZ
953 -46.792362 -153.657074 0.000214 1.570795 0.000001 -0.295603 XYZ
954 -45.825016 -153.948334 0.000214 1.570795 0.000001 -0.289313 XYZ
955 -44.855862 -154.233505 0.000214 1.570795 0.000001 -0.283024 XYZ
956 -43.884933 -154.512573 0.000214 1.570795 0.000001 -0.276734 XYZ
957 -42.912270 -154.785538 0.000214 1.570795 0.000001 -0.270445 XYZ
958 -41.937908 -155.052368 0.000214 1.570795 0.000001 -0.264155 XYZ
959 -40.961884 -155.313065 0.000214 1.570795 0.000001 -0.257866 XYZ
960 -39.984241 -155.567612 0.000214 1.570795 0.000001 -0.251576 XYZ
961 -39.005016 -155.816025 0.000214 1.570795 0.000001 -0.245287 XYZ
962 -38.024250 -156.058258 0.000214 1.570795 0.000001 -0.238997 XYZ
963 -37.041981 -156.294327 0.000214 1.570795 0.000001 -0.232708 XYZ
964 -36.058243 -156.524200 0.000214 1.570795 0.000001 -0.226418 XYZ
965 -35.073078 -156.747894 0.000214 1.570795 0.000001 -0.220129 XYZ
966 -34.086529 -156.965378 0.000214 1.570795 0.000001 -0.213839 XYZ
967 -33.098629 -157.176666 0.000214 1.570795 0.000001 -0.207550 XYZ
968 -32.109421 -157.381729 0.000214 1.570795 0.000001 -0.201260 XYZ
969 -31.118944 -157.580566 0.000214 1.570795 0.000001 -0.194971 XYZ
970 -30.127234 -157.773178 0.000214 1.570795 0.000001 -0.188681 XYZ
971 -29.134411 -157.959518 0.000214 1.570795 0.000001 -0.182392 XYZ
972 -28.140356 -158.139633 0.000214 1.570795 0.000001 -0.176103 XYZ
973 -27.145189 -158.313492 0.000214 1.570795 0.000001 -0.169813 XYZ
974 -26.148949 -158.481079 0.000214 1.570795 0.000001 -0.163524 XYZ
975 -25.151676 -158.642410 0.000214 1.570795 0.000001 -0.157235 XYZ
976 -24.153404 -158.797470 0.000214 1.570795 0.000001 -0.150945 XYZ
977 -23.154181 -158.946228 0.000214 1.570795 0.000001 -0.144656 XYZ
978 -22.154039 -159.088730 0.000214 1.570795 0.000001 -0.138366 XYZ
979 -21.153021 -159.224915 0.000214 1.570795 0.000001 -0.132077 XYZ
980 -20.151167 -159.354797 0.000214 1.570795 0.000001 -0.125787 XYZ
981 -19.148518 -159.478394 0.000214 1.570795 0.000001 -0.119498 XYZ
982 -18.145109 -159.595673 0.000214 1.570795 0.000001 -0.113208 XYZ
983 -17.140982 -159.706635 0.000214 1.570795 0.000001 -0.106919 XYZ
984 -16.136179 -159.811295 0.000214 1.570795 0.000001 -0.100629 XYZ
985 -15.130734 -159.909607 0.000214 1.570795 0.000001 -0.094340 XYZ
986 -14.124694 -160.001617 0.000215 1.570795 0.000001 -0.088050 XYZ
987 -13.118093 -160.087280 0.000215 1.570795 0.000001 -0.081761 XYZ
988 -12.110974 -160.166626 0.000215 1.570795 0.000001 -0.075471 XYZ
989 -11.103376 -160.239624 0.000215 1.570795 0.000001 -0.069182 XYZ
990 -10.095340 -160.306290 0.000215 1.570795 0.000001 -0.062892 XYZ
991 -9.086903 -160.366608 0.000215 1.570795 0.000001 -0.056603 XYZ
992 -8.078107 -160.420593 0.000215 1.570795 0.000001 -0.050313 XYZ
993 -7.068991 -160.468231 0.000215 1.570795 0.000001 -0.044024 XYZ
994 -6.059596 -160.509521 0.000215 1.570795 0.000001 -0.037734 XYZ
995 -5.049961 -160.544449 0.000215 1.570795 0.000001 -0.031445 XYZ
996 -4.040126 -160.573044 0.000215 1.570795 0.000001 -0.025155 XYZ
997 -3.030132 -160.595261 0.000215 1.570795 0.000001 -0.018866 XYZ
998 -2.020017 -160.611145 0.000215 1.570795 0.000001 -0.012576 XYZ
999 -1.009823 -160.620682 0.000215 1.570795 0.000001 -0.006287 XYZ
